6209269 1 4111612258
2925965 1 2780950643
5025464 1 3428428617
6211505 1 4125794906
6322130 2 4158523192
5589761 1 3947047437
6187109 2 4111434307
6298307 2 4155487382
6324297 2 4164969432
5897750 1 3952780715
6196091 2 4126592310
5465317 2 3829745393
5528374 2 3828851417
5019216 2 3428564664
5260723 2 3801791484
5870144 2 3956251601
6189090 2 4120734376
5896956 2 3955562052
6268049 2 4138342605
6288801 3 4143918038
5040783 2 3452430753
5587909 2 3838189395
6187923 2 4117700028
6214538 3 4126591337
5012612 2 3575967419
3963419 2 3039568674
6212110 3 4116124941
6265062 3 4138341363
5528506 2 3855199027
5895083 2 3955033676
5466110 2 3829840894
5725202 2 3952747512
6209804 3 4115360234
6214618 3 3829483340
5528539 3 3829483340
2786652 3 3702662057
5054122 3 3517175936
3927252 3 3042249263
5167588 3 3671630924
6209143 4 4111117913
6214973 4 4125793617
6167284 3 4093711115
4647990 3 3428954313
6187657 3 4110423109
5004103 3 3395441245
6212166 3 4125793617
4186765 3 3267269551
5197722 3 3727436768
5407259 3 3828892245
5892936 4 3952828969
1869482 2 2210627287
5767350 4 3952680581
6189996 4 4125474618
5254237 4 3773979905
5034643 4 3438780345
3931002 4 3039559288
5084724 4 3613390154
6187627 5 4110436736
534136 2 2328815788
5326189 4 3801781271
4424013 4 3270247744
4988859 4 3381177643
3327688 5 2651464267
5247892 5 3797799675
6209166 6 4113453720
2585896 4 2220476567
5011202 5 3424754968
6185655 5 4099607600
3412116 5 2730105156
5051765 5 3462119095
5124585 5 
5196328 5 3670541925
5207190 5 3709314072
4254415 5 3440410128
5231224 6 3721972142
5194336 6 4113450686
5067988 6 3527037916
5216146 6 3718175478
4251435 6 3137262488
5489077 6 3839520931
3214090 7 2624634779
5680524 6 3952724248
5036221 6 3445069178
2687313 6 2329571754
3265632 7 2602319712
5259051 6 3789425852
5107795 7 3548549733
4652955 7 3270481672
5229127 7 3726717388
5327206 7 3796315981
5131954 7 3613375608
5896332 7 3955456168
4324365 7 3267217867
5028043 7 3428428617
5066616 8 3615725720
5242529 8 3778241468
5020794 8 3442467931
5228654 7 3731425502
3763318 7 2993854519
5028104 8 3428564664
4259604 9 3265968018
5138280 9 3604259855
4369633 9 3184263392
4429098 9 3220123407
2880140 9 2451902641
3705786 9 2881086715
5006832 9 3440405386
3325212 9 2767931512
2197847 3 2154731950
5051649 9 3469831563
5055770 11 3466152264
3260216 10 3064765028
5014799 11 3447529367
4425650 10 3267544663
3785359 12 2973345395
5031582 11 3438162215
5059375 11 3542534935
5065748 12 3485148277
2701329 9 2300111869
2527544 6 2318092622
5039050 12 3452227793
3477208 12 2763785468
4541043 12 3244178141
4425117 13 3203472938
5027210 15 3433137883
1966890 1 2306303866
2622695 10 2331530269
3715574 16 3214388232
1366506 3 2059687548
3725701 17 2906400743
2538753 9 2330717217
2634810 18 2329746347
5026801 18 3428229571
1905619 12 1504012085
3659536 21 2912344560
59 8 2319810734
3704482 22 2915426896
2537636 19 2330501628
2790766 22 2328905260
1846548 6 2165877651
3331948 25 2658598435
2672298 22 2306542475
2659468 2325664596 23
2512249 19 2299914029
2621843 25 2329077949
2626685 31 2368932062
67 18 2315495534
2640025 29 2309758880
2586976 29 2299273472
26 1 177501212
2581813 37 2296326755
2108395 31 2330535708
1838315 29 2314895768
1520578 25 2276386099
20 13 2308967029
4 33 2313728865
2006913 29 2330868333
1883502 31 2310520710
3 30 2326920828
2163 28 2317015332
1375614 41 2316878245
543897 32 2328032383
726228 39 2330819509
5 33 2316471723
111474 25 2298713609
39 28 2331370689
36 25 2329921521
15 39 2307521825
46 39 2331370689